-0.533568250179365
0.32250774098086316
1.7216614041945908
0.41842521133665744
0.7422901048161848
-1.2640737677753675
0.9146422319361212
-1.7139071568168815
-0.0404670453677736
-0.8401465612373439
-0.504338142636951
-0.21683131857955307
-0.352621266715978
0.02296055243829963
-0.28163915829946484
0.2044370517016808
-1.1634597074580837
0.9970619486144334
0.10877342152556196
1.0791725895664128
2.7177591114730215
0.056135540074819384
0.26143409485235064
-0.10510736286543002
0.5169545063507528
